2 0.904791 0.797316 0.180590 0.029661
2 0.956388 0.798023 0.052826 0.025424
5 0.853808 0.247881 0.041769 0.015537
5 0.854423 0.292373 0.045455 0.022599
6 0.876536 0.277542 0.089681 0.024011
6 0.883907 0.232345 0.099509 0.024011
6 0.097666 0.233757 0.084767 0.024011
5 0.097052 0.250000 0.081081 0.019774
7 0.090295 0.671610 0.079853 0.026836
7 0.076781 0.698446 0.060197 0.026836
7 0.079853 0.731638 0.054054 0.025424
7 0.092752 0.768362 0.050369 0.022599
8 0.031941 0.665254 0.044226 0.036723
8 0.032555 0.698446 0.040541 0.032486
8 0.033170 0.730226 0.036855 0.025424
8 0.040541 0.772599 0.054054 0.059322
3 0.875921 0.409605 0.176904 0.141243
3 0.850737 0.425141 0.116708 0.112994