0 0.215602 0.237288 0.251843 0.062147
0 0.229115 0.391949 0.065111 0.018362
0 0.219902 0.496469 0.071253 0.018362
0 0.210074 0.550847 0.044226 0.016949
0 0.726658 0.335452 0.084767 0.015537
0 0.696560 0.379944 0.031941 0.019774
0 0.705774 0.425847 0.045455 0.021186
0 0.709459 0.470339 0.060197 0.019774
0 0.703931 0.519068 0.049140 0.015537
0 0.718673 0.563559 0.073710 0.019774
0 0.723587 0.609463 0.088452 0.015537
0 0.706388 0.653955 0.054054 0.014124
6 0.730958 0.355932 0.093366 0.019774
6 0.727273 0.400424 0.098280 0.021186
6 0.736486 0.445621 0.109337 0.026836
6 0.726044 0.494350 0.095823 0.025424
6 0.723587 0.538842 0.098280 0.026836
6 0.731572 0.585452 0.101966 0.024011
6 0.729115 0.635593 0.099509 0.022599
6 0.720516 0.675847 0.089681 0.018362
8 0.155405 0.406780 0.082310 0.096045
8 0.154791 0.499294 0.061425 0.069209
8 0.157862 0.560028 0.057740 0.049435
8 0.665848 0.342514 0.031941 0.038136
8 0.668305 0.388418 0.029484 0.045198
8 0.664619 0.431497 0.029484 0.035311
8 0.663391 0.480226 0.031941 0.033898
8 0.664619 0.526130 0.027027 0.040960
8 0.665848 0.572034 0.034398 0.042373
8 0.665848 0.615819 0.027027 0.036723
8 0.665848 0.663136 0.027027 0.049435