0 0.721744 0.338983 0.077396 0.033898
0 0.696560 0.379944 0.036855 0.022599
0 0.704545 0.425847 0.052826 0.021186
0 0.710074 0.468220 0.066339 0.024011
0 0.705774 0.514831 0.050369 0.029661
0 0.713759 0.563559 0.073710 0.031073
0 0.718673 0.607345 0.083538 0.016949
0 0.706388 0.651130 0.051597 0.025424
6 0.729115 0.353814 0.099509 0.026836
6 0.726658 0.403955 0.104423 0.019774
6 0.730344 0.442090 0.101966 0.022599
6 0.731572 0.491525 0.106880 0.022599
6 0.722359 0.540254 0.088452 0.018362
6 0.725430 0.588277 0.097052 0.026836
6 0.735258 0.627825 0.116708 0.021186
6 0.729730 0.666667 0.110565 0.016949
0 0.195332 0.252825 0.211302 0.107345
0 0.226658 0.387712 0.065111 0.021186
0 0.220516 0.496469 0.074939 0.029661
0 0.209459 0.541667 0.045455 0.015537
0 0.202088 0.598164 0.045455 0.029661
8 0.152948 0.411723 0.079853 0.103107
8 0.143120 0.499294 0.070025 0.066384
8 0.152334 0.561441 0.058968 0.057910
8 0.147420 0.612288 0.071253 0.072034