6 0.734644 0.354520 0.105651 0.025424
6 0.730344 0.402542 0.097052 0.016949
6 0.726658 0.447740 0.101966 0.028249
6 0.726044 0.491525 0.095823 0.022599
6 0.722973 0.538136 0.082310 0.022599
6 0.725430 0.581921 0.092138 0.028249
6 0.722359 0.630650 0.081081 0.026836
6 0.721744 0.675141 0.084767 0.022599
0 0.720516 0.335452 0.074939 0.024011
0 0.726044 0.382062 0.098280 0.018362
0 0.727887 0.425847 0.101966 0.021186
0 0.734029 0.469633 0.114251 0.026836
0 0.730958 0.522599 0.105651 0.016949
0 0.729730 0.560734 0.095823 0.022599
0 0.740786 0.605226 0.125307 0.024011
0 0.741400 0.656073 0.121622 0.018362
6 0.234644 0.408192 0.068796 0.014124
6 0.187961 0.307203 0.137592 0.032486
0 0.226658 0.492232 0.089681 0.026836
0 0.208845 0.548729 0.051597 0.021186
0 0.202703 0.600989 0.036855 0.024011
8 0.154177 0.406780 0.079853 0.090395
8 0.155405 0.505650 0.060197 0.056497
8 0.156020 0.557203 0.058968 0.049435
8 0.152948 0.615819 0.065111 0.062147
0 0.224201 0.237288 0.261671 0.073446