2 0.958845 0.794492 0.055283 0.032486
3 0.879607 0.422316 0.167076 0.115819
6 0.885749 0.233757 0.105651 0.029661
6 0.882064 0.276130 0.095823 0.021186
5 0.877150 0.251412 0.081081 0.025424
5 0.872236 0.294492 0.081081 0.015537
5 0.079238 0.249294 0.042998 0.015537
6 0.101966 0.231638 0.088452 0.025424
8 0.042998 0.776836 0.049140 0.056497
8 0.033170 0.666667 0.027027 0.031073
8 0.036241 0.697034 0.025799 0.026836
8 0.036855 0.726695 0.029484 0.032486
7 0.090909 0.699153 0.078624 0.101695
7 0.090295 0.767655 0.050369 0.029661